AI_Cascade_Classifier/data/positive/1640642734.0632708.jpg 3 1043 1 127 30 1172 1 130 26 1304 0 197 27
AI_Cascade_Classifier/data/positive/1640642738.4689636.jpg 4 983 2 123 35 1107 1 128 27 1238 1 125 27 1364 0 202 26
AI_Cascade_Classifier/data/positive/1640642748.5371597.jpg 4 986 2 121 36 1108 1 127 27 1236 1 127 26 1364 1 199 24
AI_Cascade_Classifier/data/positive/1640642785.234779.jpg 3 1045 0 126 38 1173 0 125 28 1302 0 200 27
AI_Cascade_Classifier/data/positive/1640642813.879897.jpg 3 1045 1 126 34 1175 1 125 32 1303 1 199 26
AI_Cascade_Classifier/data/positive/1640642833.1808057.jpg 4 984 0 124 38 1108 0 127 36 1237 0 127 35 1364 0 202 27
AI_Cascade_Classifier/data/positive/1640642834.2986798.jpg 4 989 1 127 50 1119 0 124 48 1244 0 127 46 1370 1 204 37
AI_Cascade_Classifier/data/positive/1640642913.0286794.jpg 3 1044 1 126 31 1174 1 124 28 1301 0 202 26
AI_Cascade_Classifier/data/positive/1640642918.2088466.jpg 4 982 0 125 40 1106 0 129 28 1235 2 131 26 1367 0 200 25
AI_Cascade_Classifier/data/positive/1640642941.0695086.jpg 5 984 0 123 39 1110 0 126 38 0 0 0 0 1236 1 127 28 1366 0 200 26
AI_Cascade_Classifier/data/positive/1640642944.3482473.jpg 4 982 0 126 39 1111 1 122 36 1235 0 130 28 1368 0 197 28
AI_Cascade_Classifier/data/positive/1640642985.7732267.jpg 4 983 0 127 38 1111 0 123 37 1238 1 125 34 1368 0 194 35
AI_Cascade_Classifier/data/positive/1640643003.967988.jpg 4 1047 1 124 37 1177 1 121 33 1298 1 3 34 1301 0 198 35
AI_Cascade_Classifier/data/positive/1640643024.7751787.jpg 3 1047 0 123 38 1176 0 124 35 1302 0 196 35
AI_Cascade_Classifier/data/positive/1640643165.5983744.jpg 5 921 0 121 40 1044 0 127 30 1172 0 127 32 1301 0 126 28 1431 0 200 28
AI_Cascade_Classifier/data/positive/1640643181.6745229.jpg 4 982 0 125 40 1108 0 128 30 1237 0 127 28 1366 0 201 28
AI_Cascade_Classifier/data/positive/1640643197.7201962.jpg 5 920 1 125 40 1047 1 125 38 1172 0 129 30 1305 1 125 27 1433 0 199 28
AI_Cascade_Classifier/data/positive/1640643224.5527542.jpg 5 918 0 129 41 1047 0 126 40 1174 0 127 36 1302 1 128 26 1432 0 199 27
AI_Cascade_Classifier/data/positive/1640643248.5210233.jpg 4 982 0 126 40 1111 0 124 38 1237 0 126 37 1366 1 199 28
AI_Cascade_Classifier/data/positive/1640643261.8471603.jpg 4 983 0 123 39 1111 0 123 40 1237 1 127 36 1364 0 204 29
AI_Cascade_Classifier/data/positive/1640643269.0077426.jpg 4 984 1 123 40 1114 0 122 38 1238 0 124 35 1366 0 199 27
AI_Cascade_Classifier/data/positive/1640643293.0663047.jpg 3 1045 1 127 38 1173 0 125 38 1301 0 197 35
AI_Cascade_Classifier/data/positive/1640643315.651484.jpg 4 1045 1 128 36 1173 1 1 37 1174 0 124 38 1301 0 197 33
AI_Cascade_Classifier/data/positive/1640643318.6918466.jpg 3 1045 1 128 38 1174 0 126 37 1303 0 195 35
AI_Cascade_Classifier/data/positive/1640643358.4288225.jpg 4 982 1 127 37 1113 1 124 37 1237 1 126 32 1365 0 195 35
AI_Cascade_Classifier/data/positive/1640643408.4800816.jpg 3 1045 0 128 38 1173 0 126 37 1298 0 203 38
AI_Cascade_Classifier/data/positive/1640643411.1565092.jpg 3 1045 1 126 36 1173 1 125 36 1299 0 199 35
AI_Cascade_Classifier/data/positive/1640643412.5379536.jpg 3 1047 1 125 37 1173 0 126 37 1301 0 199 35
AI_Cascade_Classifier/data/positive/1640643414.7895358.jpg 3 1047 0 125 38 1173 1 126 37 1303 0 194 35
AI_Cascade_Classifier/data/positive/1640643457.8794823.jpg 4 987 0 123 38 1110 0 125 37 1238 1 125 35 1365 1 198 36
AI_Cascade_Classifier/data/positive/1640643471.8502743.jpg 2 1109 0 128 39 1238 0 197 39
AI_Cascade_Classifier/data/positive/1640643478.4339197.jpg 3 1046 0 125 39 1174 1 125 35 1303 0 195 33
AI_Cascade_Classifier/data/positive/1640643528.5681324.jpg 3 1044 1 126 38 1175 0 124 38 1303 0 196 37
AI_Cascade_Classifier/data/positive/1640643537.0941637.jpg 3 1045 0 127 38 1175 0 125 37 1301 0 198 36
AI_Cascade_Classifier/data/positive/1640643539.4864752.jpg 3 1037 0 127 30 1167 0 127 29 1296 0 196 27
AI_Cascade_Classifier/data/positive/1640643545.4528828.jpg 2 1110 0 126 37 1237 0 198 35
AI_Cascade_Classifier/data/positive/1640643549.7575638.jpg 2 1107 0 128 38 1237 0 197 36
AI_Cascade_Classifier/data/positive/1640643558.9759552.jpg 2 1108 0 128 38 1236 0 198 37
AI_Cascade_Classifier/data/positive/1640643826.4090323.jpg 5 918 0 128 36 1045 1 126 29 1172 0 129 29 1306 0 124 29 1432 1 199 22
AI_Cascade_Classifier/data/positive/1640643828.7375512.jpg 4 983 1 123 36 1107 0 129 29 1237 0 128 28 1369 3 197 21
AI_Cascade_Classifier/data/positive/1640643832.2636023.jpg 4 984 1 123 37 1107 1 126 28 1234 1 129 27 1364 1 203 24
AI_Cascade_Classifier/data/positive/1640643835.278236.jpg 4 979 1 123 32 1101 1 131 25 1234 1 127 23 1361 2 202 20
AI_Cascade_Classifier/data/positive/1640643839.1974723.jpg 4 982 0 122 39 1109 1 123 28 1236 1 127 26 1362 0 205 24
AI_Cascade_Classifier/data/positive/1640643839.558575.jpg 5 814 1 240 116 1060 1 110 36 1173 0 127 26 1303 1 125 26 1432 2 199 20
AI_Cascade_Classifier/data/positive/1640643905.4181478.jpg 3 1047 0 123 40 1172 1 125 37 1301 1 201 25
AI_Cascade_Classifier/data/positive/1640643944.2231028.jpg 3 1045 0 126 37 1174 2 124 36 1304 2 197 23
AI_Cascade_Classifier/data/positive/1640643946.1711695.jpg 3 1047 1 125 33 1173 0 124 34 1302 0 200 24
AI_Cascade_Classifier/data/positive/1640643951.6937037.jpg 3 1044 0 127 36 1172 1 130 32 1303 1 198 26
AI_Cascade_Classifier/data/positive/1640643953.8857646.jpg 3 1045 0 128 36 1177 0 123 35 1300 0 202 27
AI_Cascade_Classifier/data/positive/1640644014.5670817.jpg 4 977 0 130 33 1106 1 129 28 1237 0 127 30 1362 0 205 27
AI_Cascade_Classifier/data/positive/1640644049.3394017.jpg 4 980 1 125 30 1109 0 124 30 1233 0 128 30 1365 1 202 26
AI_Cascade_Classifier/data/positive/1640644052.3108616.jpg 5 923 0 118 43 1043 0 128 29 1174 1 127 27 1306 0 123 29 1430 1 201 23
AI_Cascade_Classifier/data/positive/1640644056.0830462.jpg 4 983 0 122 37 1106 1 128 29 1235 0 129 32 1366 0 199 27
AI_Cascade_Classifier/data/positive/1640644057.0663493.jpg 4 986 1 120 35 1108 1 127 30 1239 0 125 29 1368 0 200 29
AI_Cascade_Classifier/data/positive/1640644063.4697165.jpg 4 980 2 126 39 1107 1 130 28 1236 0 129 28 1365 1 201 26
AI_Cascade_Classifier/data/positive/1640644067.8150482.jpg 4 1038 1 121 37 1161 2 128 29 1288 1 131 27 1424 1 195 26
AI_Cascade_Classifier/data/positive/1640644070.7694411.jpg 4 985 0 123 38 1110 3 122 35 1235 1 130 26 1366 0 200 29
AI_Cascade_Classifier/data/positive/1640644073.6180894.jpg 4 981 0 126 41 1110 1 123 36 1236 0 129 29 1367 0 199 27
AI_Cascade_Classifier/data/positive/1640644074.706597.jpg 4 981 0 129 40 1111 0 124 39 1235 2 130 26 1365 0 200 29
AI_Cascade_Classifier/data/positive/1640644078.5435574.jpg 4 981 0 129 41 1111 0 122 36 1237 1 128 26 1367 0 199 26
AI_Cascade_Classifier/data/positive/1640644081.179391.jpg 4 982 1 127 38 1113 0 119 37 1237 0 128 28 1370 0 195 28
AI_Cascade_Classifier/data/positive/1640644085.4931436.jpg 4 981 1 126 40 1107 1 128 38 1237 1 126 28 1364 0 204 28
AI_Cascade_Classifier/data/positive/1640644093.2380507.jpg 5 918 0 127 44 1047 1 125 38 1174 0 124 38 1301 1 125 27 1432 0 199 26
AI_Cascade_Classifier/data/positive/1640644099.1635604.jpg 4 983 2 124 35 1109 0 126 38 1237 1 127 30 1366 1 201 27
AI_Cascade_Classifier/data/positive/1640644112.0961444.jpg 4 985 1 124 37 1111 0 122 39 1235 0 129 30 1367 0 198 29
AI_Cascade_Classifier/data/positive/1640644115.8262374.jpg 4 982 1 125 39 1113 1 123 38 1236 2 126 35 1363 0 204 28
AI_Cascade_Classifier/data/positive/1640644119.148882.jpg 4 983 0 125 39 1109 0 126 38 1237 1 125 35 1364 1 203 27
AI_Cascade_Classifier/data/positive/1640644120.2680645.jpg 5 827 0 264 80 1048 0 125 38 1175 0 125 37 1301 1 126 35 1430 2 201 23
AI_Cascade_Classifier/data/positive/1640644137.912415.jpg 4 983 1 124 38 1108 1 125 38 1238 1 124 34 1365 1 201 26
AI_Cascade_Classifier/data/positive/1640644145.5471725.jpg 5 854 1 246 71 1046 1 124 36 1175 1 122 35 1300 3 128 32 1427 0 204 26
AI_Cascade_Classifier/data/positive/1640644146.9137948.jpg 5 919 2 126 37 1047 1 125 38 1170 1 129 35 1301 2 126 33 1434 1 198 25
AI_Cascade_Classifier/data/positive/1640644156.1307325.jpg 4 983 2 124 36 1110 0 125 39 1236 1 127 36 1363 0 204 30
AI_Cascade_Classifier/data/positive/1640644163.1173954.jpg 3 1046 0 125 39 1172 1 128 37 1299 1 202 27
AI_Cascade_Classifier/data/positive/1640644190.631302.jpg 7 794 0 120 42 914 1 200 32 1052 0 191 39 1175 1 196 28 1304 1 193 34 1429 0 199 32 1560 0 203 24
AI_Cascade_Classifier/data/positive/1640644195.3228009.jpg 5 913 0 203 32 1048 0 192 35 1179 0 118 38 1299 0 128 33 1428 2 201 25
AI_Cascade_Classifier/data/positive/1640644197.9623723.jpg 5 917 0 199 34 1050 1 120 38 1173 0 124 37 1304 0 122 38 1429 2 201 22
AI_Cascade_Classifier/data/positive/1640644207.8665063.jpg 7 792 0 125 32 920 0 123 28 1042 0 200 32 1182 0 117 40 1302 0 127 40 1427 0 132 34 1560 1 202 23
AI_Cascade_Classifier/data/positive/1640644359.5737076.jpg 4 980 0 124 34 1112 1 122 32 1236 0 127 29 1367 1 200 27
AI_Cascade_Classifier/data/positive/1640644361.8890913.jpg 5 917 1 126 42 1043 0 127 33 1174 0 126 33 1301 0 127 25 1429 0 203 27
AI_Cascade_Classifier/data/positive/1640644381.44175.jpg 4 979 1 130 39 1111 1 122 38 1234 1 127 26 1363 0 204 29
AI_Cascade_Classifier/data/positive/1640644401.7698305.jpg 2 1110 1 126 39 1236 1 199 30
AI_Cascade_Classifier/data/positive/1640644470.1993248.jpg 0
AI_Cascade_Classifier/data/positive/1640644470.9449484.jpg 1 1173 0 198 44
AI_Cascade_Classifier/data/positive/1640644471.8095174.jpg 1 1172 0 200 38
AI_Cascade_Classifier/data/positive/1640644525.2078166.jpg 1 857 3 488 404
AI_Cascade_Classifier/data/positive/1640644525.6676059.jpg 1 1165 1 211 49
AI_Cascade_Classifier/data/positive/1640644580.080043.jpg 4 980 0 125 31 1108 1 126 29 1241 0 123 29 1366 1 199 26
AI_Cascade_Classifier/data/positive/1640644580.8803122.jpg 5 713 1 359 240 1040 0 129 32 1177 2 120 28 1305 2 123 29 1432 2 198 25
AI_Cascade_Classifier/data/positive/1640644582.3218067.jpg 5 918 2 124 38 1043 2 127 30 1171 1 129 29 1303 2 125 26 1432 1 198 28
AI_Cascade_Classifier/data/positive/1640644605.0515635.jpg 3 1045 0 127 41 1170 1 129 28 1299 0 202 29
AI_Cascade_Classifier/data/positive/1640644606.4216442.jpg 3 1044 1 125 38 1167 1 134 28 1301 1 201 28
AI_Cascade_Classifier/data/positive/1640644608.3505447.jpg 3 1045 0 124 38 1169 2 131 27 1301 1 202 28
AI_Cascade_Classifier/data/positive/1640644617.1809645.jpg 4 994 620 373 173 1044 0 125 40 1169 0 134 28 1302 1 197 27
AI_Cascade_Classifier/data/positive/1640644617.7860188.jpg 4 958 0 216 69 1108 0 127 38 1236 0 128 30 1369 0 194 26
AI_Cascade_Classifier/data/positive/1640644645.1425002.jpg 6 856 1 128 40 983 0 125 39 1110 1 125 36 1237 0 127 35 1365 1 129 26 1494 1 200 26
AI_Cascade_Classifier/data/positive/1640644652.3358965.jpg 7 792 0 130 44 919 1 126 42 1048 1 122 39 1170 1 129 39 1297 1 131 36 1426 0 133 27 1557 1 204 21
AI_Cascade_Classifier/data/positive/1640644653.7759693.jpg 8 793 0 126 44 919 1 125 39 1048 0 123 38 1174 3 124 35 1295 0 132 39 1429 0 130 26 1563 2 196 19 1257 294 124 213
AI_Cascade_Classifier/data/positive/1640644654.3946896.jpg 8 678 1 230 110 856 0 129 42 986 0 124 40 1111 0 125 37 1239 0 126 35 1367 0 127 35 1492 0 132 26 1628 1 199 24
AI_Cascade_Classifier/data/positive/1640644655.2584183.jpg 8 730 0 124 43 857 1 125 40 983 1 125 40 1107 1 128 40 1235 0 130 37 1365 1 131 34 1494 1 132 26 1625 0 202 25
AI_Cascade_Classifier/data/positive/1640644668.0445304.jpg 5 920 0 125 43 1045 1 128 40 1170 0 130 41 1298 0 132 29 1428 0 203 28
AI_Cascade_Classifier/data/positive/1640644671.4322195.jpg 5 919 0 127 42 1047 0 126 38 1171 0 129 37 1298 1 133 29 1429 2 203 27
AI_Cascade_Classifier/data/positive/1640644680.6032467.jpg 5 920 1 124 40 1045 0 128 39 1171 0 127 39 1299 1 131 30 1428 0 203 25
AI_Cascade_Classifier/data/positive/1640644689.1838803.jpg 0
AI_Cascade_Classifier/data/positive/1640644694.2784295.jpg 5 918 2 127 39 1049 2 123 37 1175 3 122 36 1301 1 131 28 1433 1 198 28
AI_Cascade_Classifier/data/positive/1640644715.972392.jpg 5 917 1 126 40 1045 3 128 35 1176 3 124 34 1300 1 133 27 1432 1 199 26
AI_Cascade_Classifier/data/positive/1640645176.56721.jpg 5 920 1 121 42 1041 0 131 33 1171 0 129 33 1302 1 128 27 1429 0 202 31
AI_Cascade_Classifier/data/positive/1640645184.119706.jpg 4 980 1 127 41 1103 1 133 29 1235 3 129 26 1363 0 204 29
AI_Cascade_Classifier/data/positive/1640645201.9227011.jpg 2 1107 1 130 30 1235 0 204 32
AI_Cascade_Classifier/data/positive/1640645203.945236.jpg 2 1105 1 131 31 1233 1 206 32
AI_Cascade_Classifier/data/positive/1640645207.2156713.jpg 2 1104 0 132 32 1234 0 202 30
AI_Cascade_Classifier/data/positive/1640645217.4103093.jpg 2 1109 0 130 26 1237 0 198 26
AI_Cascade_Classifier/data/positive/1640645221.6319122.jpg 2 1109 0 131 30 1235 0 198 28
AI_Cascade_Classifier/data/positive/1640645226.1482944.jpg 2 1109 0 130 28 1238 1 197 26
AI_Cascade_Classifier/data/positive/1640645228.1470308.jpg 3 1046 1 129 38 1175 0 128 24 1303 0 196 28
AI_Cascade_Classifier/data/positive/1640645232.7700279.jpg 2 1108 2 130 38 1233 2 202 23
AI_Cascade_Classifier/data/positive/1640645238.881015.jpg 2 1109 0 128 41 1236 1 200 25
AI_Cascade_Classifier/data/positive/1640645248.0932333.jpg 0
AI_Cascade_Classifier/data/positive/1640645250.1517012.jpg 1 1168 0 205 39
AI_Cascade_Classifier/data/positive/1640645252.302442.jpg 1 1173 1 200 36
AI_Cascade_Classifier/data/positive/1640645253.1007602.jpg 1 1173 0 201 41
AI_Cascade_Classifier/data/positive/1640645254.0186484.jpg 1 1175 0 195 41
AI_Cascade_Classifier/data/positive/1640645254.6962607.jpg 2 1326 0 107 35 880 2 516 555
AI_Cascade_Classifier/data/positive/1640645254.9961302.jpg 2 1019 0 265 119 1236 0 200 37
AI_Cascade_Classifier/data/positive/1640645263.2002923.jpg 1 1172 1 199 41
AI_Cascade_Classifier/data/positive/1640645265.3255525.jpg 1 1171 1 201 41
AI_Cascade_Classifier/data/positive/1640645273.9155777.jpg 2 1104 0 205 51 1239 1 197 36
AI_Cascade_Classifier/data/positive/1640645275.9118986.jpg 2 1109 1 124 36 1238 1 196 38
AI_Cascade_Classifier/data/positive/1640645281.9112875.jpg 1 1174 1 199 40
AI_Cascade_Classifier/data/positive/1640645282.6515574.jpg 1 1174 2 196 34
AI_Cascade_Classifier/data/positive/1640645284.0880215.jpg 1 1174 1 198 42
AI_Cascade_Classifier/data/positive/1640645285.339921.jpg 1 1172 2 200 39
AI_Cascade_Classifier/data/positive/1640645285.8249533.jpg 1 1170 1 203 41
AI_Cascade_Classifier/data/positive/1640645296.4935305.jpg 1 1175 1 200 35
AI_Cascade_Classifier/data/positive/1640645393.6634371.jpg 1 1119 0 235 98
AI_Cascade_Classifier/data/positive/1640645394.2683222.jpg 1 1170 0 203 41
AI_Cascade_Classifier/data/positive/1640645479.8351605.jpg 4 979 2 130 29 1111 1 126 35 1231 0 134 33 1365 1 201 30
AI_Cascade_Classifier/data/positive/1640645480.9554446.jpg 4 979 2 128 33 1102 0 131 34 1236 1 128 31 1361 0 205 30
AI_Cascade_Classifier/data/positive/1640645481.6853461.jpg 4 1018 1 127 32 1147 1 128 30 1277 0 127 30 1404 1 202 27
AI_Cascade_Classifier/data/positive/1640645482.0011365.jpg 5 766 3 298 156 1043 0 127 30 1174 2 127 28 1300 0 130 31 1431 1 199 27
AI_Cascade_Classifier/data/positive/1640645482.3487287.jpg 5 918 0 201 51 1040 1 131 30 1172 1 126 29 1302 1 127 30 1431 0 200 27
AI_Cascade_Classifier/data/positive/1640645484.3741038.jpg 5 917 1 128 38 1044 0 126 35 1167 0 133 32 1301 1 129 30 1430 0 201 28
AI_Cascade_Classifier/data/positive/1640645489.1799216.jpg 6 1495 0 201 24 854 1 125 40 989 1 116 39 1103 0 134 28 1235 0 129 29 1365 1 129 26
AI_Cascade_Classifier/data/positive/1640645490.553418.jpg 6 856 2 125 41 980 2 126 35 1105 0 130 31 1235 0 130 33 1364 1 129 27 1498 1 199 25
AI_Cascade_Classifier/data/positive/1640645493.7344172.jpg 6 857 0 126 41 983 3 123 36 1106 1 130 29 1237 1 127 31 1367 0 128 28 1495 1 200 28
AI_Cascade_Classifier/data/positive/1640645496.5007603.jpg 7 793 0 127 43 917 2 129 40 1046 2 125 38 1173 2 126 30 1303 1 126 26 1433 1 127 26 1562 3 200 21
AI_Cascade_Classifier/data/positive/1640645503.4099836.jpg 8 733 3 121 38 856 0 125 40 981 3 126 36 1113 1 124 37 1239 2 124 27 1364 2 132 26 1493 1 134 26 1628 1 201 28
AI_Cascade_Classifier/data/positive/1640645511.2874832.jpg 9 667 3 126 42 792 0 122 40 921 1 122 37 1048 0 124 36 1176 0 122 38 1303 2 125 26 1430 1 128 24 1561 1 128 25 1693 0 199 19
AI_Cascade_Classifier/data/positive/1640645517.9901671.jpg 10 605 0 126 44 729 2 127 41 859 1 122 42 984 3 124 32 1110 1 126 36 1235 1 129 36 1365 4 131 21 1499 0 123 28 1624 0 130 22 1755 0 205 23
AI_Cascade_Classifier/data/positive/1640645525.5426934.jpg 10 606 0 122 44 729 0 126 45 855 0 124 40 981 1 128 37 1116 1 118 39 1238 1 124 33 1365 0 129 23 1495 1 130 25 1625 1 130 27 1757 1 200 20
AI_Cascade_Classifier/data/positive/1640645559.1615484.jpg 3 1046 1 195 36 1176 1 191 40 1301 1 200 27
AI_Cascade_Classifier/data/positive/1640645561.6986933.jpg 3 1043 0 197 32 1178 1 190 38 1303 2 195 25
AI_Cascade_Classifier/data/positive/1640645566.7534816.jpg 4 759 2 369 250 1106 1 199 25 1237 0 197 37 1368 1 199 26
AI_Cascade_Classifier/data/positive/1640645567.1141326.jpg 4 970 2 215 56 1109 1 196 30 1235 0 198 39 1360 0 204 26
AI_Cascade_Classifier/data/positive/1640645568.430378.jpg 4 985 0 194 44 1107 1 197 28 1243 3 192 40 1370 2 196 23
AI_Cascade_Classifier/data/positive/1640645576.584828.jpg 3 1045 1 196 34 1241 2 126 36 1300 1 199 29
AI_Cascade_Classifier/data/positive/1640645581.0095086.jpg 2 1109 1 200 37 1232 2 204 30
AI_Cascade_Classifier/data/positive/1640645586.5112803.jpg 2 1103 3 203 35 1241 2 194 22
AI_Cascade_Classifier/data/positive/1640645592.806758.jpg 2 1106 2 198 35 1238 2 196 25
AI_Cascade_Classifier/data/positive/1640645602.4878347.jpg 3 1043 1 126 38 1174 1 123 38 1304 2 194 26
AI_Cascade_Classifier/data/positive/1640645605.514203.jpg 3 1046 2 128 42 1174 1 129 41 1302 3 199 25
AI_Cascade_Classifier/data/positive/1640645614.7385492.jpg 2 1110 3 131 31 1236 0 196 31
AI_Cascade_Classifier/data/positive/1640645617.1048186.jpg 3 1041 0 134 33 1173 2 130 29 1305 0 198 26
AI_Cascade_Classifier/data/positive/1640645623.9273767.jpg 2 1107 3 133 31 1240 0 195 28
AI_Cascade_Classifier/data/positive/1640645628.9905596.jpg 1 1169 1 204 40
AI_Cascade_Classifier/data/positive/1640645641.5589437.jpg 1 1093 3 263 96
AI_Cascade_Classifier/data/positive/1640645702.38555.jpg 1 1169 0 203 43
AI_Cascade_Classifier/data/positive/1640645736.8661628.jpg 1 1092 3 256 105
AI_Cascade_Classifier/data/positive/1640645737.5752664.jpg 1 1170 0 202 42
AI_Cascade_Classifier/data/positive/1640645749.4627876.jpg 1 1174 2 197 40
AI_Cascade_Classifier/data/positive/1640645750.0272777.jpg 1 1170 1 202 36
AI_Cascade_Classifier/data/positive/1640645750.7547693.jpg 1 1174 2 200 40
AI_Cascade_Classifier/data/positive/1640645756.8376143.jpg 1 1170 5 199 34
AI_Cascade_Classifier/data/positive/1640645758.738554.jpg 1 1171 2 201 41
AI_Cascade_Classifier/data/positive/1640645760.838551.jpg 1 1168 1 204 38
AI_Cascade_Classifier/data/positive/1640645761.6542962.jpg 1 1176 0 195 46
AI_Cascade_Classifier/data/positive/1640645762.5344799.jpg 1 1173 2 196 42
AI_Cascade_Classifier/data/positive/1640645764.1037529.jpg 1 1180 3 188 32
AI_Cascade_Classifier/data/positive/1640645765.9569871.jpg 1 1168 1 202 38
AI_Cascade_Classifier/data/positive/1640645766.8446138.jpg 1 1177 2 194 35
